1101111111 miris 11111111. 563

δ

der 11011111111111 11111111 011111 marmiren 111111 1111111111111111111, 11111111
Moderation aber (1111 Camurii, 1111 1111111111111111 11111111111111111 1111·
11111111 1111 11111111 md (1111111111111111 011111 1111111111 (11111, 1111111810-
knochtr 1111111111 larse 1111 11 1111111111 1111111111111111111111111111111111, (11111
11· 111111111111111111111111 nissen 111111. .

banbergenses (praefectus 11 judicer) 11111 opposuerunt: . . . 01111111111111111111.
Den 3. oet. 111111111 11. 01111111 haben 1111111111111111111 111111 1111111111111·
1111111 1111111111, (1111111111 111101 111111 durch (11111111111111 01111111111111-
11111 111 11 (1111 11111111111 11111111011111 ((111 1111 doch 111 11111111 1111111)

10 1111111 1111111 1111111, 11111111 1111 (1111 mit 1111111111 befrembdurg 1111 1111111111· ’

gor Verwunderung vorkhommen ..... (11111 1111111111111111111111 1111111, quae 1111111111
1111111ιω amm& 1111111111111111111 F⁰r⁰35¹¹’..33..33¹.233
1111111111,1111
111111111111111111 11111111 1111111 1111111 111· 11111 1111111111) 11111181111111111111
Ρ11111111, 1111111111 1111111111 11111111 1111111111 1111 111 81111 1111 1111111111 11 10 1111111 ·
1111111111 1111111, 1111111111. Gn. hochverrtendiglich 1111111111, dass 11111111 11111111
md 11111111 111 origen Ζ111111 111 1111 1111111 1111111111 111 1111111111111111111·
1111111111 1111111111 11111 1111, 11111111 1111 111111111111111 (111 Κ11111111, 11111 111
11111111 11111111111111 1111111111 0111111111 11111 1111111111 werden 11111111.
0111111111 111111. F. Gn. 11111111. 1111111011 1111111 doch 1111111 111111 dines

11111 11111111111111111 hochbesehwerlich 111111111111111111111, 11111111 11111 ’

dm 111 1111111 1111111, 1111 bey 11 111111111111111 nun mehr 1111 1111111111 8111-
111111 nummum, 1111111 111 11111111 1111111111 1111111111111111111111
1111111111) (1111111 1111111 111 1111111111 1111111111 1111 11111 11111111 1111101110,
1111111111 111111111111111111111 13000 111111 Ρ11111 111111 111 111, 1111 noch 11111111
111111. F. G. 1111 11111111 11111111111111 Η11111 111111111111, (1111 1111111111 11 11· ,
11101111111111111111, 11101111111111 111111, 11111 11111 1111111, 3111111111 vff 1111111111,
11111101111111111 1111111111, 111 111 1111111111 1111111111111111111111111111111
111111111111111111111, 1111111111 doch 11111 111111111111 1111111111 111111111 11111111
11111 11111111111111οἱ111111 1111111 1111111. F. G. 111111 11111111111 81111111 mit
1111111111 ,11111 1111111111 1111111111,1111111111
1111111111 noch 1111111111 Wrsen, 1111111111 Η11111111111111111,1111ο noch 11111
101111111111111111111111, in 1111111 1111111111, 1111 (11 F. F. Gn. 1111111 1111111
1111111111111 11111111111Το1111111111 11111111111111111111 1111111111, 11111111111111
1111111111 Vnderrohlauff 1111111111 1111111111111111, 11111111 1111111111 1111111111
11111111, darm 11 bey denjenigen 1111111111, welche durch 11111 11111111 1111 11111111-
11111 1111111111 worden 1111 111111, nicht 111111 111111111111111111111111111111111111
1111 11111111 0111111111, 1111111111 10111111111111111111 1111111111 11111111 1111111111
11111111, 1111111111111111111 1111111111 111111 (1111111111, so 111111 wohl yber (111 17
1111181111111111111111, (11111 (1111111111 0111 111 1111111 11111 aeirem 011111 11·
1111, 11111111 1111 1111111 1111111 1111111111111111111111Ρ111111111 (1111111111
011111 111111111111. 1111 1111 1111111 111111 mit 11111111, 111111111111 (ohnwissendt
111111111111111 noch written 111111 mag) in 11111 1 (11111111111 1111111, (111111
11111111111111111111111 mehr 111111111111, 11111 111 11 11111111111111 111. 011-
1111, (1111111111 111 1111111111 11111111111111111, 11111 1111111111 desto 111 1111111111-
menen, 1111 in 1111111111111111111 1111111111 11111111111111, 111111111111111111111111
11.

8111111 verhoffendtlich 1111111111 1111111111 111111 111111111111111111111
F. F. G. 11111 1111111111111111 111 11111 (1111111111 8111111111 1111101111 111
11111111111111111 11ιί1 (1111111111111111111, 1111 1111 11111111 111111111111111
1111111111111111ᾱ111111ἑ111311111θὲ11111 Vergesr 1111111111 111111 111.

utrm 11 . 1. . ·

1011111111 1111111111111111 -11111111111, 011 111111 111 (111 11111, deren
101 111 11111111, jeder ’1111 3 DJ.. 111111 10 ff 11 30].1111111111111111711. 11111111,

Dum von 11111111 1111111 11111111 1111111 811111111111 111111111Ρ11111111111- 11011. ’

8111111141 fl. 17 111. 51111111.
Dus (1111 Summe 1111111111 1111 zu 0111· “

lingon, J. V. 1111111 1111111111 11111

11111111 11111111111111111, 1111111111 stott-

¹ 1111111111 ru 0111111111 11111111111111111111.

 

