480 1111111111 111111 11111111. ’

111111111111111111, 11111111 1111111 1111111111 1111. 1111111111 1-1. 11111111
m 1111111111. .

111. IV. 11111111. 1111111 1111211 11 1111111, er 1111 11111111 dnn-bey 11
11111 1111111111 111111 1111111111111
1111111. 11111111.11111111111111111
11111111111111 ge 111, 111 111111111 1111111111 111111111111111111111111111 gn
111111 111111, 1111 11111 1111111111 11. 811 111 ein 1111111111111111, wie lug
11 1111 eben gewehret, 11111 eruit.

-V. 811111ιί1 1111 1111111111 11111111, 111 111 11111 811111111111111 11 111111
81111111111111111 geben, 111 11111 11111ιῖ 11111111, 111111111811111111 genennt,
111 mn 111 1111111111111111111111 11 11, 111 111111, 1111111 in 111 niun
01 111 1111 g. Μ11111 111111 11111111 1111 1111111111 11111111, 1111111, 11111111
1111111111. 1111111111 1. 11111, 111111 111111111111111. 2. 3. Er 111111 melu
111111. 4. 81111111111111 111 1111 1111111111111111111 11111 1111111 11111111111,
111111 11111 1111 111111, 1111111111 11111 1111, 111 1111 1111111111 11 1111111111
111111, 11111 111 Κ11111111, mit 1111111111, 111 (1111111111, 111 1111 111111 11111
111 1111 Τ11111111111 111111 11111111 worden.

VI. Jacob 11111, 11 111111111111111, habe der 1111111111 11111 angen gerent,
11111 von 1111118111 Heinrich 111111, man solt 11111111111111 111 11111111 an·
1111, 1111 111 1111 11111111 1111111 1111111111111111111.

vn. 8111111111111111111, 11 1111 111111111111111.

VIII. Κ11111ι11 1111111111, 811 1111111111 8111 111111111111111111811111
ῗοςεη, 111 11111111, 11111111 1111111 Η111111ι11111 1111111111, 11 1111 11 1111 11

.   11111111 11111111111111111111111.

IX. 111111111111 111111, 11 811 11111111 11111111, 1111 811 11111111 111
1111111111 11111111 11181111 1111111111, 111111 11111 11111111.
Betreffnndt 1118111111111, 11112111 111 1. 1111111 1111111, 111111 111
111111 11111111 1111111111, 111111 1112 1111111111111111111111111, 111111 1111111111
111Ζ11111111111111 3. 1111 gabe 11 118111111111111111. I. 111111 sich 111 zn-
131ῗί1111611ιιί ξὲἕοῧηπ 11111111 eben 111111, 11111111111111111111 nieht, 111111
ιι 111 1 1 en.
d X. 1111111111 1111111111111111 111 1111111111 111 1111111111 11111 11111 11111
111 1.
g 1111111111111111111111111, 811111111111111 in 111111111 gewnsnnn,¹ 111.
1111Ζ11111 1111111111 1111111, 811 111 111111111111 111111 1111111111 1111 11111
111111111111 hegen, 1111 111 8111111111, 1111111111111111111111111111 11111111
,11111111 11111111111111111111111112111ε 1. 11, 1111111 1111111 111 111111
111111111111, 111 111 811 11111 erin nie 1111111111111111 worden, 111111 11111111
111111 111111. 2-18111111111111 111111. (1.1)1111111111111111 (1111 111
111111, 11111111111111111111111Κ111111111111111. 18111111 111 1111111111
8. By 1111 111111 wohl 11111111, 111 81111111 bekannt 111.
11111111 1111, 111111 11111 1111111111111111 Μ. 81111 111111 111111, 11
111 111 Η. 11111111 111111, 111 11 111111111111111 11111111 111.
’ XIII. 1111111111 111 1111 11111111 1111111111, 1111811 111 111111 11111
“ 1111111 1111111, 11111 811 1111111111. 81111111111111111 11111 11111111. 1111-
111111111111111111111111111111111
ῗ11131118111111111111111111181111111 1111. 1111111111 dem 11111. 1. 11111 111
bnamma
XIV. 1113111111 1111, 11 1111111 1111111111 111 111 (111111111111 1111111111.
Ad 1111111111111 1111111111 111111 1. 11 1111111111 11111111111111111111, 111 sehon
111111 1111111111 811 111 111 Zieglen’n 111111Μ111 111111111, 1111111 111Ζί en'n
111111, 811 111111 1111 genehen 11111, 111811111111111 1111, weil Sie grossos 1111
11111111. 2. Kepplerin 1111 1111111111, 11111 halben 1111 811 1111111111 111211111-
111111 11111111, 1111811 gebun 111, 111 111111 11111111111111111111111. 1111
1111111111 111 111111 111 1111111111. 1. 1111 111 11111 111111 111111. 1 8111111111
xlmam& 1111111 111111 11111. 8. 8121111111 111 111111, 111 1111111111
, 1111111111 711111111111111111111111111111111111111111,1111 nr
111111111111811 11111111111111111111111111111111111. ’

 

