111111 1111111111. 111 Α

111, 1111 11 abur 11111111111111 1111111111 1111111111, 11111111 111, 1111 111 vim
11 wohl, 111 sein 111111111111111 11111, 11111 111 1111111111181111111 11111111, .
111 11111 111 111111 111111 11111111 fabren 11111111. 1. 1. Das 11111 11 111 =

XXI. 11111 sein. XXIL wisse 1111111111 111 1111111111 1111111 111111 11111,
1111 1111111111, 1111111111 Schmidt der 1111111111 1111111111 111111, 11 gfflb 811
habe 11111 zum 1111111111 1111, 1ο 111111 1111111 11111 11111111 11111111.

XXIII. 1111111111 111111 111111 nicht 1111111111. Aa interro .: 1. 81 111111
111 11 Ζ1111 111111111111111, 111111 111111111 D. 81111111 1111 gur 11111 11111111
so 111 1111111111111111111111, 11111 1111 einen 1111 1111111111 finden 11111. 2. 3. 1111
wisse 11 111. 1. 11, disses 1111 Β11111111 111 11111111111111111111111111111111
1. 111 1111111111 11111 1111 1111111111, ’1111 81111111 111 1111111111 1 . vom
1111111 111111 1111111 111111111111111. 6. 1111111111 111 111 1111111111 111, 1111
m ωὲἷῗῦῗωόἆᾞῶᾞ 1311οὲ11181ζὲξῖθᾱῖ181ἷέ1ι11ἒὲἓιῗπῖἐίε1161ι111 worden. 1111
vem 11 aber 1111111111, 11111 1111111111.

XXV. Hert 1111111111 111 der 1111111111111111111111111, 811111 Ihm 11111
1111111111111111 1111111111, 111 1111 11111 1111111111 111111111 1111111111111111.

1111111111111 11111 eben 11111, 11111 11111111 11111 1111111111 1111
1111111111 111 111 1111111111 11111111.

xxvu. 1111111111 111 11111 8111111111 111111 1111111 worden.

xxvm. 1111 111 11111. ⁴

ΧΧΙΧ. Er 111111 11111 1111111 111111 111111.

ΧΧΧ. Das 1111111 1111 1, er 111 mit 111111 11111 11111111 1111111 11111. Ad
1111 .: 1. 1111 1111111 er 111, 1111 111 1111111111 111 111111 1111111111, 1111111111
111111 en 111111181111111111111111111111 1111111111. 111, 111111 1111111·
1111111111 11111111 11111. 1. Er 11111 1111111 111 1111111111. 1111111 1111111111-
Kommemdhnb 111111111 1111111111 1111 11111111, 111 1111111 111 1811111111 11111

1111111 en.

Vom 11111111 111111 1111 Zeus 11111Ρ111111111.

11. Η11111 11111111111 111 (1111111111 1111111111 (16 ,1111 111). Ad
1111111111 interrogatoria: 1411111, 11111 1111111 111. 1. 6. 81111 11111 11111111,
“ 111 man 811111 1111111 11 bouem 111111111111111. 1111111123311111 11111111·
11111 11 11111 111 1111111111 1111111111111111111111 11111111111111 11111111, hm
111 8111111111, 11 111111111 111 11111111 1111111111, 111 11111111 111 111111111111-
111111111111111111, 111 11111 11 Ζ111’11111 1111 11 1111111111 11111111, 1111 1111
1111 111 1111111 11111111111111 “ 1111111111, 11111 11 111111 11111111, 1111
1111 1111111111 ’111111 Manu 111 1111111111, 111111111111, 11111 1111 11111111-

1111, 111 1111 111 8111111 11111111111111111 111111 honore) 1111111 111 8111111111,

11
1111111Η111111111111111111111, 11111 1111 111 1111111 1111Η1111 11111111, 11111
111 11111111, 111111 11 111. 1111111111 1111 1111 111111111 11 1111111111 111111 1111-
111, 1111111111,111111 er 1111 111, 111 111 11 11111111111111 11111111 111 11111111-
boidin 111111, wie 11 auch 111 1111, 11 1111111111111 1111181111111111111 1111111111
sein 111111111111. - 8. Von 1111111111111111 11 Ζ1111 11111111 111111, 111811
zum Laden 111111111111 111, 1111111111111 111 811111 [11111111111111111111111
111) 1111111111, 11111 111 11111111. 1111111111111111 111 111111111111 11111 11

111111. 9. 1111111111 1111 11 111111 111111111111111111 11111111, 111811 11 111
worden 111. 10. Er 11111 111111 111111.

1111111111Ρ111111111111. 1. 8111211111111111.111111 111111111 (11111-
1111111111111111111 111111111111111111111111111 in 111111 111111 1111111111
1111111111 111 Τ11 11111 11 11111111 11 11 1 aber 1111111111 111 1111111111111-
11111111. 111 111111111111111 1. ,1111 1111111 g
111111 111 1110111111111111 sich 111 1111111111 11111111 111 1111111111 1111111111-
11111111111111, 1111111 sehon Β11111111111 111 Saul 11 1118111111 111 111111
1111111111 11111111 11111111. 2. Er 111111 1111111 nicht 1111111111.

11. 81111 211111 1111111111 11 1111 1111111 111 1111111111 11111111, 111 1111111
(11111111111111111111 11111111, Ι1111 Jer 1111111111111111111111111 1111 11111111 “
1111111111 111111, 1111111 8111111111111111111 11111, 111111111 111111, 111 1111
111 11111111 11111, 11 1111 11111 hab 811 11111111 1111111111, 111 11111111 11111, 1111
aber 111 1111111111 111111 11111111111 111111 111111 11111 811 111111 111, 11 1
811 11111 111111 dem 111111 11111111 1111111111, 11111111 11111111 11111 Kaudtffi,
111 111 111111 m 1111111 Hans! 1111111111, 118 11181111111111111111111111111, 811
11111 aber 111 1111111 1111111111, mit 1111111111, 811 11111 11111111 Domum 1111 111

 

11 11111111 1111 1111111111, 111 11111· ’

