552 11111111 111111 11111111.

His 1111111111 1111111111 8111111111111 111 9. 0111111111 111111111εἰ111 ne-
11111111. horon verloesem Nun 111111 11 billich 11111111 1111111111, 11111 11 111
1111112111 1111111111, 1111111111 111111. 11111111 111111 111111111111111, nolle 11
111 vom 7. 1111 11 1111111111, bias 11 111111111111111 1111111111 1111 111111111111

1111111110511111111 111111111 - 111. 1111 1111111111 11 1111111 111 1111111111. 111
1111111111 1111111111111111111 111111111111, 1111111111111111 1110111111111 1111111111-
1011. 1111111111 111 111111111 an 111111 8111111111 111 1111111111, so 111 1111111 Genu·
111 11111111 worden, 111111 1111111111 1110111111111 1111111111 - 10 11. Jacob 3111111
3111111 11111111111111111 111111 11111111111111111111111, 1111111111 1114 11111 11111 -
32 11. Ι)11 7. 111. 111111111111101111111111111 11111111111111 11111111, 111 11 1118111111
1111111111111111111111 01111111111111 1111111 11111111111111 111 1111111111 - 50 11.
1111111111 Tage 1111111 111 111111111111111111, 111 1111111111 111 211111 1111111 1111
Sontas 11114..111111111, 111 11111 11 111 111181111111111111 1111113111111111111, 11111
1111 0111111111 mr 11110, 111 11111111111111 11111,1111111111111 - 9 11. 32 kt
1111 1111111 11111111111114 Sti. 1 111. 111111, 111 Sti. 111 111111 111111-111. 42 11.
11111111117111111, 1111411. 11111 - 28 11, 7111111111-411. Latin 24 11. Dm
81111111111 11111111111, 111 111 111 111 811111 1111111111, 111 zungun 11111111, 1111
11111111 111 1111111 11111111 111111-2411. 111 111111111111 111 11 111811111111111
111111111111 8111111111 111111 11111111 111 1111111111 - 50 11., 111 11111111 1111111111 ·
- 9 kr. Den 11. 111. 11711151111 11101111111 111 (1111111111 1111 11111111181111111
11112 1111111111 11111111 - 1 1. 23 11. 1111 1111111 1111111111 1111111111 3Ὺ1111111111-
1111 - 1811. 8111111111 ·- 4 1111111311. Item 9211 1111111111, 11111 ’1111111111
thum ““ 3 fl. 1

111111111111111111211111, auch 1111 111· 111 1111111111 11111111111111111 11
111111111110 111. 11111 111 1111 Τ111111 5 Β1111, 11111 - 8 11.

11111111111101111111, well 1111111111 35 Β1111111 1111111, 11111 19 1111111111·
11111 111 1111111111 1111111111111111111111, 111 Ρ1111ο1ο11111111111103Ρ1111, 11111111
211.,11111- 31. 3111. 011111111111111111111111111111111102Ρ1111, 111 jada
8 11., 111111 - 81. 1 11. 111111 11111111111 1111111111111111111 311111111111 111111·-
1211. 1111111111 0111111111 1111111111 -— 1 111.

11111 111 111 0111111111111 11111111 1111 1111111111 ’111 111111111111 1111111111,
1111 111 111111 1111 1111111111 111 1111111111111 111 1111111111111111 111 1111111 111111
11111111 12 11111, 2 1111. 1111111 1211, 111Ρ11111111111 11111 111111 1111111111111
12 11., 11111111 1 fl. 12111. 81111111 1111111 zue 111111111111111111, 1111111111 ’1111
11111111111111111111,111 andere 111111 1111111111 11111 11111111, 1114111111111111 bo·
11111 jede 8 11111, 1111124 bazan, 3 Vlg. 1111111 0 11111, 8111111111 8 11. 111 111111
12 11., 1111111111 - 211. 3211.

111 1111111111111 11111111111111111 yber 111 11111111111111111111 12 111, 1111.
1111111 6 111, 2 8111111111 10 11. 11111111 5 11. 1111111111 - 1 1. 28 11.

Dum 8111111111111 11111 von 11111111 11111111 Ρ1111111111 0111 1111115111111111-
111111111 111 1111111111. 0111111 111111111111, 111111 6 21111 11111111, 11111811, 11111

1111111311111111 111111111111111111111111 11111011111111111, 1111 1111111111 11111
211111111111111111111111111, 11111111111111111.0111111 1111111111111111111, 11111-
111111111, 111111 11111 12, 111111 - 36111.

8111111111 1111111111111111 111111111111111, 1ο vol 11 111 0111111111 0111111111
111111011111 11111111111111, 11111111 111111. 0111111 111111111111, 11111 1111111111 321
Ρ1111111111111,11111311.,111111- 1611311. 11111111 1111111 1111 111111 eopia 1111
mnu. 0111111 11111111 - 3011. .

(1111111111 1111111 1111 111 111111 111111111111111111111111 111111111 111111111111
111111111111111111, 11111Ρο111111111111111- 30 11. Ε111111Κ11111 0111111111,
11 111 rnna. 1111111 1111111111 1111111111 1711111 111111 11111111, 11118111. 1111 Patm-
1111111111-4011. 1111111 1111111111111, 11111111 11111 111 (1111111111, 1111111111
1111111111 1111111 1111111111 11111111, 1110111111111 111111 111 1111111111 1111111111
111111 1111111111111, 1111111111 11 111. ,

1111 1111121. Sept. 1121 Η111111111111 (1111111, 0111111111 111 7111111111 11- ’
11111 11111111, 1111 111 11111111 11111111 111111111 11111111 tn 111 1115111111 1111111111

11111111, 11 3 Τ1111Β11111111, 11111 ’1111 1 ff 21, 11111133 1111111 1111111151, 4

, 111111111111111111111111111111 -1 1. 32 11. 1 11.

namn 1111111, smmum, 111 11111111 vom 11. 111. 1111 11111. 011 1111, ¹
11111 111 ’111 111 111 2111111111 1111111111, spem 1110111 gerulum, 5⁶⁶⁰· Tm 5111*

 

