114 1111111111 11111.

1111 1111111 1111111 1111111111, 11111 11111111111111, 111 111 111111. 11111111 nit
11111 1111111111. 6. 1111111111 111111 11111111118111111 111111, 111 11111811
11111111, 1111 111 in 11111 Ρ111111 111111 worden.

XXXI. Jn, 111111 1111111 111111111111111111111, wie 1111111 noch 1111111111
11111111111111 1101111111 111111 11111ἲί111 1111111111*
8. 11111111 8111111111, 1111 (11111111 1118111111111141111111). Vff 1111
1111111111 1111111 1111111111 1. 2. 111 1111 11111 ein Τ1111111 11111111, 11111 1111

, 11111111 111111111111111111. 11111111. 1.1.Ε1111Β11111111 1111111111 elne 111

Ι111111111111111 1111111111, 111 1111111 Numen 111111, 11 1111 1111 1111 111111 1111
1111111 1111, 111 1111 1111 111111 (1111 nonunt. 7. 11111111111111111111111«1111111
1111111 111111111111111 11111111. anchin 1111111111 1111111; vas 11111111 111
111 11111111 werde. 111111111111. 8. 11111111111, 111 11111111111111, welche
1111 111 11111 1111111111, 111111 1111111111 1111111111 1111, 1111111111111 1111111111
1111111111, 811111111111Κ11111111111111 von 111111 ’11111111 1111, 11 111 11181-
1111111 geben, 1111 11 111Ζ111111111111111111, 11 11111111111 111111111111111
111111111111111 111 Aidyt 1111111111, 111 811111 besu 1 11111111111111111111111 111,
111 1111111 151111111111111111111111 111111, 11 111111 wohl, 111 werde 11 11111
111111 1111111111 11111, 111 1111111111 1111 11111, 11 111111111111111111 11111111
111Β111111111111 111 Β11111111 1111 1111111111 1111111, 111 111111111111111111111
1111111, 1111111 111 111111. 10. Ε1Ζ111111 111Τ11 111111 111111 mit 111Β1-
11111111111111111 1111111 111111, 1111111111 hab 811 1111111111 ein 11111111, 11111
1111111111 111111 11111111, 111111111, 1111111111 111 11111111 111 dem hiecht 11111111
111111, 11111111 11111111, 111111Β11111111 1111111111.

1111 den 1. Ρ111. 11111111 11111111 111 Examen 1111111111 111 1111111111ᾶί1 111
1111111111 111 11101111111111111111111111111111 111111111111111 worden, 1111
1111 1111111, 111 1181111111 111 1111111 111 Herm specialis 111 11111111 111 Ge-
111111111Β11111111 111 1111211111 11111 11111111111111111111 11111, 1111 11 Ζ111
111. 11111111111111. 1111Β11111111 1111 111111111111111 111111 naon (1111111111
1111111 1111111111 1111111 111 1111111111 11111111111111 11111111 1111111111 111111-
hafftin 11111 111111 11111 111111. 1111111111 1111111111111 1111111111 jn, sie 11111
1111111111111 111 1111111111 11111, 1111 11111 11111 1111111111 1111111111111 1111111111.
11 11111 111111 811 111 ’11111111 furnich 11111111111111111, 11111111 111 111 1111111
111111111 1111111111111. Ad Interrog.: 1. Er 111111 1111 111111 111111111111111111,

. 111111181111111111111111111111111111111111 1111111111111. 111111111111111

111 11111111111Η11111111111111111 11111111, Kepplerin 111 1111111111 1111111111
111111 1111111, 111111 111 1111111111 111 111 Τ11111111. ’1111111111 111 1111111
1111111111 11111 11111 111111, 111111 811111111111111111, 11111111 111 1111111-
gon ιι11ῗῃ11. 1111111111 111111111111111111111, 111 811 (1111111111 111 111111111-
111111111111 111 11111111111111 111111 1111111 1111111, 1111111 11111 111111

“ ι111111 11111111 nach 111111111111111 11111111111111111. nd 1111111111 18111

Znngnn 111111111111111. 11111111, 1111111111 111 111111, 11 11111111 111 1111111111
, 11111111111111111111 1111. 2. 811 111 1111111111111111111111, 811111111 11111-
1111111 11111111111 geben. 3. 111111 1111 111111 1111111111. 1. 11, 111 hab 111
1111111111 111111. 1111111111111111111. 111, Β11111111111111 111111111111.
111. Β1111111111111111 111Κ111111111111111111 111111, 811 11 111111 111

’ 111 1111111111111111111110111111 111 111111 811111, 1111 1111111 1111111 1111111

1111111111, 11111111 einen Tmnckh 11111111111Κ11111111111 111 1111 gleichsam 11
““““11” 111.*111111111111111111111111111111
1111 o vn 1 o ‚ ‚

1111 1111 von 111 111 111111 11111111111.

IV. 8111 Zeu 11111111, 1111111111111111111111111 111 Kepplerin 111111 Augen
111111. -111111111 111111111111111, 1111110111111111111111.Β11111111111111 1111-
1111 1111111, 11111111111111111111, 1111111111 1111111111 11111111111111, 11111 1111
1111111111111 111 1111111 1111111111111 worden, 111111 11 111 11111, 111 11: Et
111111 von 1111 111111111111 111111111111111111 11111111 1111111, ffib 11111 111 andern
111111 111111111111. 12.11111111111111111111111111111111111111. 11111. Du 1
111111 1111111 nicht, 11111 11111 1111111111 111 111 1111111.

V. 1111 111111 1111 1111111111, 1ο 1111111111 acher 11111111, 111 111 1111111111 “
11111 111 Β. 11111 1111111111 geben, nit 111Β111, 111111111111111111111111.
1111111111 1. Ei 11 11111 nun, 111 11 11111 1111111111 11111111, vanusne 1111111111

 

