1140 Juoommotoroptoet

Feruor 44 noch 44444441444 4444414444 1114444 4 fl. 314, 4444 4414444444
1 44444 44144444411444114411444421. 55144. H. D. Beooldten 441441444481.

Dan 141 mon 444 1444444 4144444144 4444141417011. 4114. 1144144 44144144 21411.
. 114444444414 444444444, 4444 444 Sohuldthrieff 4444444444 4404444144 4444441
1144411 Sio 4114444114 4444114444 444 444414441441.

’ 1144 444414441414444444 4411414111, weil Sio 444 444144, 444 41444 41144444
4444444. 441144 Sio 4144 44144144 444444441144 4114144444 4441414444, 444 44414
144444414411444 4444444444.

d 11434441ἒέ42 Horr 1441444441, Β4444441414144 444 11444444444144 44444444
4410. 44. .
Tertio: 81411444441444144441.

hd relationem 4444414411 Looher 44414 (d. 10. 4144111) adscripserunt 4444111444
8141144411444444 4441441 44114 414 irroget (1114114444 4444 4441444144 4011. 44441441
414444444441414444, 444 444 44414 4444444444 444 1144414414 1114444 1444441444, drmit
4444 diser 444444 414144 44444444. ln (14441114 4144. 1623.

Contra 4444441444 4414414444 40 florenorum intercesserunt postor Binder 44
christophorus Koplerus, scribentes: . . . . 441114 441444 40 1. zu 44444 44444 414
144 44441414 44444144, 44411 444 Zoytt der 14411444, 4414444 er Vogt 44144 4444441144
4444444444, 414414 444 444441444441, welches 4144444144 billich 441114 4444441444 sein,
444 weil wir 414414 444441, 444 444 411414 jedes vmb 4414 44 dem procoso 44444-
11444444 144 441414144 worden, 444 4441444 Theil 4444 444 441144114444 444 44414444
144444 44114444 1), 44 hohen 414444 444444 4444444441. 1414144 414 4444 4144 1414444
444411444 44411444, 414 444441444144144 444 t 4144 411 44444144144411111444 444444
444444, 44 14441 44 Vogt zu, 444 14414414 44414414, oo mir dejure 4440414, 14 Ver·
hott, vnit 1444 41414444 creditori (4141 4444441444 441 14444 444 114111, 44 mir 411

441444114414 Morio-o 141114 4144444441444. Woil ioh 4441414414 mich 44414 4444444441
441144, also 141 meinero. littori, E. F. (14. 444114 441414 441444444414 444444144441444
4444111441 444414 444 4444444 441144, 444 444 4444441144 4414444 40 fl. 44144444.

414 41444 zotto 44 (1114114444 44444 444 grotzeo 4444 1441144 111414444414444144114
4411444 41444444,Ι mit 4444414444 4411444, 4114444 4444 tollor 14 4444411441 ort, 4144 (liu 4444

444 4011. 444 worden.
8. 8414144 2414 yber, 441444114444 44444, hernach 41444 41141144, 14444 1441144 4444

11 Rhizon, 4444 signem 44111141 44444144 mousson: 1444144414 10011.

4. Allo 14144 4414444144, 444 4444 (144 deputat 41444 4414444444, 444 411144, Bur,
1141444, 11414 414. 4οι411141444441 14 4114441444 114414 44444444 44444444, 444 4444 44444
4414441444 444 Ζ1144 444 44414414 vom 141444 4441144444 mogon.

4. 11444 4444141144 1414444444 44 robingin 444444 444 4444111144 4444141140 h

0. Dem Goriohtr 4444441444 zu (1114114444 4444 441444 1444, 444444 4114414441 4444144444

1. 04414144 ’144 144 414 4444414 44444441444444444201.

8. So 444 144 144444 1144144 mloh 4444 444 1141144 gor-h: 4411144 144 lond 44
nieht, 414 ,1444 4414444 44444444441, 414444144 moin Jihrllcho 444414444 14 0441444144 14
414 4444414 4444444441 400 4.

4111444444 144144 lond 4411 1141444 444444444414 Whrtohettsorn 414444 gurm

1444 41444444 4414444441 yber 1100 11.
10. 44414444, mog 144 4441 44444, 444444141141144 414 4144 4411444 worth 414444

’ hoho, 44 4411144444 411 144 noch 4114 4444444444 hoho, 44 44444441444, 444 4441444414 44-

11144144 14444144 44444114 4444414444 34141444 4414444441 444141441 4444444 44114.

84114 nu 414 oront 414 144 ihr 414 44144444, 11444 444 44111444 (4444144444, Buttm-
1444, 444 0444111444 4414414444, 4441 444444 auoit 44444144 44144444, oo 440444 4414444444
11144444 4444444444 werdon 44144444.

Hie 411 44 torrenten, 444 11444 444 Strtrchrolbor 44 [44444444 4111444141 4441441444
14444144, 444 4444 1144411. 441441 mit 1144144444 444 controotatlon 4441141144 4414444144,
414441444444, 144114 4448 41444444 14 44414444 4444444 4441444144 4444441, 444 444 dem
4441441 44 4444444444 44441144, 44014444 444444411444 41444111 444 411 44 4444 44444 444 rum·
mon, 414 4444144111 44444 44444 444444441144 444 vorklolnorlioh3 Bitton restitutionem 14

Q) 0441414444444Κ4414444 dicit: 101444 111444444444 11444414 1000 fl. 4414411444
444441, dt 4444 4414414 111444 41441000 41444 4444444444, 414 4444 444 mhottorlioho 4444
yber 4114 4000 1. 44444444. 144 444444 444 414414 mehr, 44444 mon 444 4441444 4444444
4444 4444444144 boulen 41444, 444 4144411 horn 4444444 4141114 44444444 4441114444 ntor·

11444 turen.

 

