Indicium 1001110 11001011. 391]

1100 den 41. 001 10. 011. 1011011, 01011οΗοι1 commissarius 010101 100 Actis
101 1001101000110 0100110101, 000 110 1011011113 1100011110110111110000101
sem Ῑῃ1810111111010, 101 01111 11011001000110100100101010111, 00 010100 010
110100001 ιιι 1000101, 101 011100 44. 011 0101110301. 111. 81. 1100101 0010111101
sein 01011 111 1101111011. 88.11000Ζ10310101)101101101οΒ01101001110130.
31. art. 31. Ap 0010010, 1101100 0011011101 1100001100 10οΗ0111 01 111 (100 1. 100 2,
Addit. 35. Herm Αι111001101101οΚ10011, Βο01101 300011, 100 3. 1111110001.

10110101111101 1011010 201301 1101101101.

Dee 00 01001011000103001101 111011 01130100 end in 00000000110 0001 011-
01101 100101100101110101101 werden. 11100011 8000011011οτ 010 1101101013, 1101101
'ene 1.

Nun 00 101300 01011 der 1011301 1110010110οο0.

1101111010 2013. Ηο11101011031 010 10101013 10110110 Ε111011, het
einen 1011110101 1101101 00111010 Allmeehtigen 3010100100, 1111 1001 1010010113
der 011011 Μο1101111 vff die generalia 101000301011011101110100 1001110011000 1) 01100
100000110οι 1. 1130101 yber die 1010110111. 2. Nein 01010 10100010 30011300
11110100 011 Herm 10001 1031 01110. 3. 110 0111011001 111011 10100011, 01010 0101
0101 deenen 110110 0103011010οη, 00000011 ’001101001113011100 4.1101000100101
01011011 10110100οι1 oder gegeben 001101, Κο1110010111 01000300. 0. Ηο10 00101
numen noch 0010100 1110110101 01010101100101010101101. 110111011001101 11101-
11011, 000 0110101110010010000110.

1110101111Ζο13 11100 010110011οη 0101010111] 0111011 10001111 wie 00131. 111. I.
1111101110101001013 were 20113 011 001100 1)10101 0111010 11001101, nnete 0100
111, 01 1100111011οη0 Ursule* den 3οε011101 1110011 0030100000, 0101 0100 101 ·

*) Ut lector 1010011110 013011001101011111111001101 101001, qno notionem 10001111-
1110οι0 10011110 1010111301, 1000 011110 0011100 11011100110130001 (110 0010311001 finenem:
1013 011000130001000110111. 1010.) addenda 0000111110. ·

111. XXXVII. 10010 0011011 110301 110100 (10οΡ0111ογ00 0100101011011301011-
0010100110100 3000111101 00110100, vnd 101011100030011010013 1011 3011001101 011001101100,
01οι 01010010100001010 10130111010010100000 0001111100 11110101101. an 1011 0101110
1111110001 0101 01000 0000100011 1011011101100101010101 00111100 0101 110101, 010300 100010
0011011 110 101111010001111011011101011 101110οι001 anderen 1001100111,1011101, 3011011011,
0101 (1001011100εο 101 10100010101010100111) 10101100. Ζ1 001010110111011113 0001
110010 110010311οω0 300010010001011, 11111- 01101 0011011-801101101113011010101.

111. 1111111111. 1101011 110 0110 0101100110 1011100011 dem 0111000101 0101001011·
1010000011000110 01100 1111100100 100110010οο 30010111, 0011 11101 100001113 ens 11101
1100100 111110 0101000100οο 0000. ⁴

Tit. XXXIX. Naehdem jeder Ρο11100, wider welche Ζο11301 30111111, 111 0011111
werden, frey 111 10101010101, 01111100 0030011000 11111011 interrogatoria 0011103011011
zu 1110130100 . . . ., 001101 110 11010000 01101011 0001, 10 81011103 1011103011011 0101 1101000
1110111100 113011010101. 1)10 Ζο11300 001100 11101 0110 01100101001111011300101110 1110301101
1011611 werden. 101 01011101 011 110 00001011011101103010110, 10130010 01110100 1111001010.

00010110 1103010011 1. 1110 011 Ζο113 00001 ¹2. Ob 01 10 100 11001300 1101010
110111 3. 01 01 dem, 001100102011301 gestent, 11181000010111, 001003010010111, 0101
. 00001 1010100111 1011101 4. 01 11100 110111 1011010000 0101 3030100 werden, Kend-
00100110003001 1. 01 01 0100011011 010180101οῃ 010001 dem 8103 100 1111100100110110
11101100, 0101111010110010101 6, Item, 01 01 010011 ’11011 10011 31100113 0000, deun dem
0010111 101 0101010111 7. 101 01 01 100 1011001100 1110111011 eey‘? 01010101 mit 001001
1111201300 1000100100 101, 010 01 110010010111 geben 001111

111. XLV. 11000 1101110100101113101111010011011111, vnn 011001 0011011101001100-
000 1110130100 001100, 001101 100010 (1011011 1113111111υο3 001001100 100100 101110000 einen
00110110-103 01001001, vnd 011 100 0030001100 1011011 (110 1111111103 der 111110011οο 10
(103000111131011 heyden ’1101100 1011011100.

111 LIII. 11000 11 1101000100 10001100001, 001100 110 Richter elle 0113010101ῐο
Acten 111 Ηο01100300 1001111010 100100 10101001 1111010013010001000300, 101 10111101
010 111101 seneen. 110 0101 (101Ηο1001 00 1101113, 01011 1001110113, 1000 0101 10001 (1011011
dee 111101 11011 0010011100001 11100100, 111300 010 bey 001010001101100, 0101 0001100
1100110-101101111011 enchon ete.

 

