1111111111 1111111 1111111. 477

Ζ1111111111111111111111111111111111111111111. 6. 0 111111,111111111111
111 1111111 1111111 oder 111 gemacht worden, 1111111 1111 1111111111111111111111
andere reden dnrznischen 1111111111, dns (111 Η111111111111111111 1111111 111111,
811 11111 111111 111 disses 1111111111 111111111111, 111111 nit, 111 111111 111111
oder vnverstnndt 111111111.

XXXI. Jn, 111111 111 11111111 11111111, 111 11111111Ζ1111111 111111111,
11111111 111111 11111 1111 11111111 11111111.

ll. 8111111 Stnhl, 111 (11111111 111 1111111111 (4111111111). 111 111

1111111111111111111 1. 11111111 (111 1111 1111, 11 gehenne dissona 1111111
1111111 an. 111111 11111 11, 11111 111 Ν111111, 1111111111 111 1111111111 11111, (111
die Reinboldin 11111 11 11111111, 1111 11111111 nn 1111111111111 111, vnd 1111111
- 1111111 erran 11111, 111 (1111111111 111111 1111111111 breden ein 11111 1111111111
111. Es 1111111 aber 111111 111111111111111111111111111111 0111111111 -11111111111-
lienem 11111111 111, vnd habe 11 1111111111 1111111111111 111111. 2. 11111 1111111.
4. 111 11111111111111111 habe 1111 111 1111111111 1111111, 11111111 1111111111 (111
sannen 1111111111 gnuog. 5. 6. 1111111111 111111 lange 111111 goden h, 111 Heren-
11111111 1111111 11 1111111 1111111111 11111111, 11 1111111 1111111 11111111111 11-
111111, (111 11111 11 nit. 7. Reinboldin 11111, (1111211111111 111 der 11111111111111
11111111, 11 1111111111 1111111 1111, 1111 1111111111 18 Jahn 1111, 11 11 Zeu in (111
Ehe, 1111111 1111111111111 11111111, 11111111,1111111111 1111111111 11111111111111
111 111 11111111 oder 1111111. 8. 1111111111 1111111111 81111111111111111111111 11111,
111 1111 Η11111111 rich 11 1111 1111111, 1111 1111111111, 111 1111111 111111 111, (111
811 111, er 11111 111 1111111111, 81111111 11111111 (1111 rnd der wellr 1111111111,
111 (111 111 des schmerzens 11111111, 1111 nr Ζ1111 11 111111111111111 1111111 gangen,
111 111 ihr nuegespronhen, 811 1111 no 11111 111111 11111111 haben, 111111 111111
disne 1111111111 111 1111111111 Rninboldin 11111111 1111111, 1111 811 11111, 11111111
lhr 11111111 1111 (1111111111 1111111 111111 111111, dns (111 Kep 1 ”
11111111 1111111, 111 11111111111111111 111, 11111 anch damur 11111111. 01 1111111
anch ron 11111111111111 rnd bennrhbrrten 111111111,1111111111. 1111111111
1111811 111 in (11111111111111 (11111111111 gebracht, 1111111 1111111 rnd 1111111111.
10. 111 winae 1111111 1111111.

Dnnn nner Hnubtsnrh. 1111111111 1111111111 mit 1111111111 111 11111
rein 11111111111Η1111111111 811 Kepplerin 111 Ver 111, 11111 11 811 1111 den 111-
11111111 1111111111 1111111111 haben solt, vor (1111111 111 1111111111 in noch 11111-
1111111111 11111111 11111, 1111111111111111111111 11 11111111Ζ111111 1111111111111
111111111111111.111111111111111,111111111111111111111111111111111111 solite, (111
Examen 11110111111 11111111111111111, 111111111111111111111111, 1111 1111111111
81111111. 1111111 1111 1111111111 11111111111111 111 111111 11111111 1111111111 1111111 1,
rud 111111 811111111111 11111111, (111Κ11111111111111111111111111111111111 11,
1111 1111111. 1111111 11111111 worden, 1111Ζ11111, 1111111111111111111111111111111 Knndt·
11111111111, rnd 811 Kepplerin 111111111111111111111111, 111111 11111 dem
Herm 811111111111111111111, anch Bilffinger vnd 1111111111111 (111(11111111, (111-
, 11111111 dem 81111111111111, 11111111 111111111111111111, 1111112111 1111111 11111111,
da solenes 1111111111. An 11111111Τ111111111111, 1111111111111111, 111111

nnn, 1111111- ’

1111111111111111111111111111111111111111111111111111111111111111. 11111111 ,

111111116111111111 11111111 (111 Kepplerin 11111 11111 gerent, 111 111111111111 11111
1111111111, 111 11111 1111111111 worden 111, (1111 11 (11111111111111111111 11111111-
1111 11111111111111. Ad 1111111111111111111111 Ζ111 dns: 1. 11111111111111111
111 1111111 111111111111111 1111111111. 2. 11111111 nich (1111111111111111111111,
rondern 111111111 (1111111111 1111111 1111111111 11111111 1111 1111111 11111.

, 11. Wnn die Kepplerin in 111111 mit dem (1111111111 1111111 (111 11111111 111
mehr 1111111. Sonsten 11111 11 wohl, 1111811 111 11111111 111111111111111111,
111111 111111, 811 11111 1111 (1111111111 111 111 1111111111 1111 11111111 11111111 (111
thrheit 11111, 11 1111 1111111111 innen, 1111 11 1111111111 11111111 111111 1111111,
1111111111 1111111 hineinkommen. Ad [11111111 1-3. Wer 111111 (111 11111 1111111111
volt, 1111 11111 vff ι1111111111 11111111111. 4111111111 1111 111111, 111 11111111
1111111111 Krnnttern, ob 11111111 11111 1111111111, 111 1111 11111. 1. 11111111
111111 1111111. 6. ,11 Kepplerin habs 1111111111 11111111. ,

111. lV. 1111 211111111111. vn 1111Β111111111111111111111111111,1111111
11111111 sterben, (111 111111 111Κ11111111111111 1111111111111 1111111111. 11111111-
111. 11-11. 11111111111111 durren.

V. Knpplen'n 111 gertruden, Sin 11111111 1111111111 geben, 11811 'nnn

 

