¹550 1911911119 1111119 urerer.

1911111 99119199 191 91919991 9911991999 191 1919 999919, 91199911. Hert 8195911191
· 91999991191 9119199911111919119991999191 Β91191911999 der 1999191119199 Hexerq
191191 1919191199 1911911919191911 999199119 9919 9991 1911199999 191199, mit anzeigen,
111111111111111111111111011911111111 1111111111ζῖἭέ
1⁸ 11 θ U 1
11199999, 191 9111999111 11 119 11919 91191 99191199, 91919191 19991 99191199, 191
1919911 19199119911, (1911 99119 9119 919 Ζ919199 11999 1999 819919 Hexin 9191
19191199 9999, 191199911999111 1911191919999911999 9919111919. Sie 119119 9991
191991 9191199, (1911 werde die Werheit 99 199 geben, 191 9991 111991 ’1911 offer
191199, 199 11119 17919911 191 9919111 99991919, 19199 819 111199 19119 19191199 haba
1999 1119 111999, 91 19119991999119111 99 (1919191119911199919199, 9991919 111
Be 91119191 9919, 8199191919119101999119, 1991919919919191, noch ,19199911
991919 1999191119191 9199999 9191999 9919199 9999919991, 191 1981999199 91991
199 111911191191 1919 111 9191 1911199999 11119, 99 were 99 1991 911119 1191111911
“ 9991919 mirere (99919919) 1119191 99119199119999. 1191119191199191119, 11 9191
99119199 119 1911911911 99999999, 1111 99 919 grosse 81911111 9191119199 991119, 9191
91 91991 mesenen, 19199191 9991111 9191999999 191119, 1999819 1191919191 11
81999999911119911919917919911 1199 111119. Wes die 1119999119 99199999 1199Ὶ
19119 119 91111911 berenger, 199 Sie 99919919, 11199119999891999111911199
Ans 991 999191 1191191919 gebracht, 191 19189199199191919 99191 191919 119119, 199
91 19 yber einen 9111199999 rungen eeye, 119 den rein 1199119199119199 zue 111199
11111111111111111111111111111111111111 111111““ rerem
19199191, 199 99 11199 9199 11911 999199191119119119169911199118011911199119991 Ver-
melden, 11999 919 919 Η9119 9919, 9191911191 Hexerey jemelerr 91199 9119111199 99-
1911, » 99 99119 (1911 919291119911999, 199 99 99 1119 9119911111 werde. Η911 191-
99199 1911 (191199 111199 99191199, 91999 99119 sich 91199 1111991911999, 119 marr
99999111919191919991199 1919,’119 11999, (1911 19119 119 zanger 9991 91191911,
1191919819 eleo in 11999 199191 gebracht 19199, 1999 99 99991919 ihr 199111 99119111
191 17919911. Sie 119119 9199191 sterben. ebe 191 1999 Sir 111 rich 99119199 119 Vn·
1911911 19199 1191119. wana 919 919191919191119 1919, 99 1191119 919 9919199 119-
9191119191191111111191911111, 191 eo 1999 9119919111999 beben. flat 9199 ff
111191111999 erinnem 191 19119199 9191911191199999191199, 999111· 111 111919 19191
zert 111999199199191191991999, 199 819 191Η919191 191191 1919111 9919 nolle, 91119
ἷξε ε9399199191 191111199, 1999119999 191 199 119 1119111911 19 1119991911991 rechrea
9.

Wee 199 19999199 99 1199191919 919111911119119119111999 11999999, 19191191
19199111 9191 1919911199, 199919191991191119991119111111, 99 191 1999191191 19-
991199 sollo, - 71146111. 219 199991919199 alre 119 099911991999119 herum
’ 111“111111“ζ“11331 11151111 1111111111111111111111ὼέ 111ῗὲ
11919191 19911 999 1999111199 119999.

119199 99919. 199211991 1621.
Vogt 99 Granum
r J. V. Aulber.

99191119991119111999111111 eet: Von (191199 (1911199 19199 11119191, Herzog
99 1111199199. 11919199119191. 1991911919 19199199191911911191 1999191119
91191991, 1199999 19 1191 ferrer gagen deren bey dir 1911111199 catherine 1199911919
199 11999191 1911911199,191119 9 11911999199111991 999111991919991199199 99-
9119199, 1911999911 worden. Hireuff 191199911919191, 8191191919 1911 9919119199 ⁴
Blehtern 9999999999, 19999911 119119 91911919191 99999991991999 Τ91111199 119 919·
11999999 1911919 91119111, 9911199 191911191191119199891991, 1191999 19 91999 furder·
19199199119199, 9991 191 199191991991 Η9119199991999 9911, 199 9999991191οΜ
me 9199111199, damur 19, 1999 119 111199 11911999 9991191199191999999 919 919-
99919999919911199911199 erlegen, 9191 1999119199 999999991919111191999 gether
19199 werden, 919 9199199199 9191199199999 9911991.

1911919911 199 19199199 19199 111 99111999 919 91919191919119 91919111,
(leue dem 0999199119 99111911 9199 10991199, 191 199 191111999119991 9119191
70 991199, 9199 99 91199 1199111111 1999999199. So 19919 991919 sennen volgender
9199999 91999919119191 91911191 199 Jacob 1919191199, 91999919 zue 1111991919, 919
191 1199 111 119 191 1919199911 (1999119199 91 9991. 119 99 991999 1919119999 1191191
ten 1999119, veel 19911919 99 19999199 9119119999 99111119 rere) 10 991199, 199 191 119·

 

