Judr‘cium 1001110 11001011 ¹ 485

7. 1111110 01000111, 1101301100 8101000011 000 0131103011, 10111 die
30100100 110301001111111111000110011000 3000311 1. Er werde 103010111101 25 1011
011 0030, wiese 00 0110130011101. 2. 11110010 011100 00011011. 1101010 110111 103 010
Ad 3000111110 1010110 01011οι Es 0030 11010 0010111100 100 010001 0001100 01010 1010001,
01 kenne dIejenige {emh 01011, deren 10 diesen 1103011011οη 3000011 werde.

XXXII. 1100100οι 01 001Βο0103110, 00 010 0001101Τ1010 010 100010 ’1101010
1113110300 3010300, 01000 Tage 000 essen gebracht, 101 810 1030111, 111110001οη0
110100 100 01100 01Ζο131111Ηο101103000101100, 1000108101011100011001Τ11100
0110300300, 101810 00011010 300031, 01 00110111 0101111 0001 01001011 offen 100100,
er 0030. so 301010 11000111000, 110110 111100 301 ,011, 10110 010 0001 01130001 11101
11000 01000100 11100000 1100010. 110 10101103. 1. 8101010 0011000101101101000 1111010
10010003 301100, 3101011101 001011010 003 0100 , 100 werde 0010100111. 2. Wie 0101
3083001018ωά 01301οξ dghr'rlr 10101310ἳοοᾖ10οἔ 0101131100 offirr beetde gradiren offen 1110100000,

11100 erm. .·. 00 0 00 100000 00100 00οι .

ΧΧΧ111, bekhundtscfflftet Zedg‚ die Βο0103110 101 01001103811010101 011 mehr
11100, 0100 101 00010001 011001011001 3000101011, 00 003 010110 0110300 Το300 100001
1111300300), 00011011 010111110301111 11001011 diesen wortten engeredt: Merme, 110101
Maure, lasset 111ch 11100000, 1011 11111 01011Ι 100 001010 0001 01000 1110111111 1001101010
11111111111111 1111111111111111011111111111 1111011111
' auch nit 1100000, 110Ιο100031 1. 111101 1001111 301011, 000 010 300031, 1110 Κ10001
111111110111111111111011111011111111111111111111111111111
hero 010100103110 in der 810100 3010300, vnd ihr 10 0001 1101110101 111301011100
1101000,8101101 11110οΖ01300 100 001010 00010108010101111011 0030101100, 101 810
81011 01100, 0011010101 nie, 1010001000 100000, 010 003 0001, 01010110 noch 101111
30100, 000 0100101 0000300011 1010, 0101000011οε gemoth 0010100100 111301001
worden, 0001101 001Βο0103110 01001 30101000 0001011, 00810 0101, 00 01 10001 0001
01110111 0010131, zue 11100 300031, 000 0030 111010 201300 011 1100001. 3. 00, 1100103110
101 0101 000000, 00 810 0001 1011111111 3010300, 30300 11100 10100111οι00 101100 100 ’
30101100, 111 11010013 0001011100, 810 ause 0010 Τ1010 10 0010 8101100 0000001000, 1011
1010101000, 1000 010 01030110, 00 101010 111 80110 001100 103 001 0000103 01010300
1110300, 001101001001003, 11010 010 300110 1101011110 00011100, 010101130 wo
81000 1011110300 1111. I. 01 010 0010100100000000110101 101000000001 1101οἍοο,
000101 810 00 1100 0001311011 30010101, 111100 01011.

XXXIV. 001000 0101001031111 000101 1113110300 gebracht, 00 0 00181011100011
100 1101001013 1011111 kommen‚ 100101 0001131, 8100030 wohl 3 00100100300101
10 1101001013 30100300 3010300, 100 01010011101000, 01810 11010 1100001 000131111ιο1
103 11111101. 111100 003 810 000 1113110300 11011101 011 01000011 worden, 10011100 01
Ζο13 0000101011, 000 010 1000101103 Ihr gerunden worden, 0000 wie 011οο 8101101
11000111 100 100011100110000, 00 111 30111101, 301111, welche 300031, 81011100 101
Ihr 010 110000110· 0001 Tisch 3000100, 100 00 8100 3011131, wo 8100 her bring, 010
3000110111, 000030 101 Τ1010 3010300. Β100101000 101001 300031, 00 01 mit 01001100
1111110100 111100, wo 810 000 Mereor 10130110011, 101 810 0000131, 00 0030 0100000
1101001013 103111 101 Τ1010 3010300, 0100011 10111111010111100101 10 010 11001111
Ρ1031011100103010110100100 810 0010111010 011 mehr 00100 3100011. Ad 10101103010111
1000000111 Ζο13ι 1. 2. Ε1111000 000011101100300. 0011 wie 010 100 000 1110110111
301111. 3. 10, 01101 0010001031111, 1000 011 1 1101001 3003101001, wod 8103011131, ,
810 101 110111 Ζο00, 100 111000 01 0111010100, 000111 Sie 00111300 001001000110000,
01110300 01010110 01301100100 300110000011000101 30100, 0101 11110300,1000 810
300000, 111 0010100 wider 3000010100. I. 100103110101 300031, 810101 10100101, 00
0030 000 1000001, eo ersllhr 1010101 goffred, 1ηὲ {r 0311110 areterzarsseinm {31:113 {ereffieslffi
111111011011111111 Β1111110ῐ ε’311118010111111051110011011ποξὲ ’.11111οεοίΞ 1010111111, 1008· 00 011) 101 Τ1010 .
30101000. 11. 1110000 111000 011030010010110100300, 000 1100113111, 0010111010 010
1101001 0011111101 0000130101 bey Ihr 30100000 101000, 000 11010 300031, 810101
100 01001 301003000 001100010010, 00 zue 1101001013 103 11110 3010031110 3010300,
3000100, 000 810 0100111111 010 11100001 0110001111Βο01031101100111Ρ1031οΙ101000030·
111111101111ῗ11111111111111111111111111111111111111ῗ’11311“11

Sie 101 00 010 310000 Μο100100101000, 100 01100100 0110300 3100000 1110100111

mannen 01001100 301011, 00 00181011100011 0010100103 31οο10 1100001 1010011·

 

